-1.368900
-0.789663
-0.359103
-0.086061
-17.578100
-15.524100
-16.640400
-15.441800
-12.119300
-11.729400
-12.848000
-7.872650
-7.972430
-6.888580
-3.608250
-4.132500
-2.738600
-1.037160
-1.675900
-2.790170
-0.197445
-17.746500
-19.031900
-18.987499
-17.702900
-17.089500
-15.874700
-14.390500
-16.367500
-14.862200
-15.337900
-14.044400
-13.738800
-12.670500
-13.106400
-11.781100
-11.922300
-10.348500
-7.047970
-9.573160
-8.300240
-7.403010
-6.786490
-5.978380
-4.793570
-6.054710
-4.955570
-4.515070
-3.356690
-3.278970
-1.093160
-1.249470
-3.293590
-2.186820
-2.042190
-0.329579
-0.020530
-22.062099
-18.365801
-20.546801
-21.005600
-17.563700
-19.699900
-18.868900
-15.108500
-15.538500
-16.979401
-16.516500
-14.736500
-13.811100
-13.657800
-11.775200
-12.279600
-13.558200
-11.126800
-10.832200
-9.810020
-8.599640
-9.746210
-8.330600
-6.965660
-6.461670
-5.497810
-4.866570
-5.851060
-5.792050
-3.567260
-1.061720
-1.601300
-0.270856
-32.160702
-29.388500
-28.405399
-27.977400
-26.684799
-24.622999
-25.102100
-23.364100
-22.289301
-23.791300
-23.095400
-21.647400
-22.306801
-24.543800
-20.153999
-20.645300
-20.240200
-20.883900
-19.617500
-18.515301
-18.311899
-17.359900
-16.031401
-17.094000
-15.839000
-14.950400
-15.338700
-12.556800
-13.864600
-13.771200
-13.009700
-11.878200
-10.593300
-9.909720
-8.512620
-9.046100
-7.213660
-8.239740
-7.138830
-10.467700
-4.288810
-6.024280
-4.423960
-5.723020
-4.320070
-6.889490
-0.355736
-2.578980
-1.359000
-3.321730
-1.357280
-0.321177
-1.727140
-3.187760
-30.602600
-30.351999
-31.038799
-29.142799
-28.532400
-29.263000
-27.926901
-27.592100
-26.699900
-27.092899
-25.957600
-25.482901
-25.936800
-27.107599
-24.468100
-21.800301
-23.019199
-24.324699
-22.882000
-22.212700
-23.663601
-20.506399
-19.182899
-20.246799
-19.334101
-18.021799
-18.033701
-16.895100
-15.268000
-16.355000
-16.996901
-14.115700
-14.192100
-12.587700
-13.036000
-11.701700
-11.428600
-12.643900
-7.889850
-10.230600
-10.289000
-8.146930
-9.391410
-8.298680
-9.144800
-6.341460
-6.987060
-5.545400
-5.378060
-3.840940
-4.432910
-4.122440
-6.856640
-4.842560
-2.295710
-2.037980
-3.131570
-1.156970
-0.742119
-31.699400
-32.059299
-33.253799
-29.882000
-29.150600
-29.192499
-30.201599
-28.170700
-30.884199
-27.875099
-26.794701
-26.766001
-25.412600
-24.761400
-24.638500
-24.216801
-22.717800
-21.461599
-23.058701
-21.180099
-20.884501
-20.300800
-19.264200
-18.271200
-15.656500
-14.568500
-15.947300
-16.614401
-16.899401
-15.498700
-13.538300
-14.034900
-13.357700
-13.174500
-10.726000
-10.494000
-8.865380
-9.244560
-10.014200
-8.243420
-7.045150
-7.117110
-4.977340
-6.054970
-4.818450
-3.924210
-3.782070
-2.227990
-1.113570
-2.606320
-0.655558
-0.265386
-32.641899
-33.973099
-32.370998
-28.651699
-31.546101
-30.303499
-28.330400
-29.727600
-31.246500
-28.307800
-28.229000
-26.156900
-25.586000
-24.983601
-24.499399
-23.448500
-22.498301
-21.282200
-22.113899
-23.533600
-19.755301
-20.960899
-17.726000
-20.184799
-19.093700
-20.702600
-18.043100
-16.865299
-16.368700
-15.473500
-15.282100
-13.916500
-12.835500
-13.935700
-11.737900
-12.413900
-11.083700
-11.748600
-8.923360
-7.615410
-10.279000
-7.362230
-9.060080
-8.499350
-9.881720
-6.470720
-6.557570
-5.056480
-6.214240
-4.117470
-3.312840
-1.476820
-2.760450
-2.778870
-1.404900
-1.970980
-0.321754
-0.039776
-33.661301
-32.657799
-31.884100
-31.385900
-30.145700
-29.034300
-28.873600
-28.126301
-30.705500
-27.889700
-26.841999
-26.061300
-22.077000
-24.522499
-22.881399
-23.925200
-21.751101
-21.188400
-20.921499
-19.958099
-19.422701
-19.449900
-17.859800
-18.726999
-14.365600
-15.502000
-16.837799
-16.590900
-14.944000
-16.246500
-17.479300
-14.111700
-13.013200
-12.139700
-11.559600
-10.945800
-8.451900
-8.439630
-9.645040
-8.043050
-9.768340
-5.470910
-6.797390
-6.740620
-5.813550
-4.371880
-5.575570
-3.641080
-6.310590
-0.313632
-3.460750
-2.215260
-1.611400
-3.090920
-0.254871
-36.737301
-31.902201
-31.485201
-31.429300
-30.041599
-30.115101
-29.285200
-28.649300
-28.241100
-26.157101
-27.110201
-25.399300
-26.051600
-24.614500
-25.770599
-24.469601
-23.638100
-22.865601
-22.187099
-22.100700
-24.422701
-20.899500
-19.128401
-20.838301
-19.278999
-19.895300
-20.284700
-18.487801
-18.043200
-16.931101
-16.953199
-15.870300
-15.925000
-16.904699
-15.073500
-12.317400
-13.872600
-11.243600
-12.670400
-13.824200
-12.357100
-11.226500
-8.997650
-10.258500
-7.909870
-10.210300
-9.216020
-5.486850
-4.415320
-6.943830
-5.178560
-6.444470
-5.802450
-4.090010
-0.625846
-2.685230
-3.062180
-2.685000
-1.548580
-1.339770
-0.194206
-1.391900
-35.405201
-38.167500
-36.691601
-37.111801
-36.051998
-33.258598
-34.244301
-32.497398
-34.496498
-31.937500
-33.869701
-33.160301
-31.610100
-31.295700
-29.079700
-30.376301
-30.365499
-29.091000
-29.395901
-27.091400
-26.252600
-26.878099
-25.454800
-24.627300
-25.109400
-24.358900
-23.432100
-22.561800
-21.147301
-21.684200
-22.885700
-20.681999
-19.650801
-19.528000
-18.423700
-19.623400
-17.710501
-17.983400
-18.397301
-14.603500
-17.000000
-15.868400
-16.328100
-14.587300
-12.696400
-13.297900
-12.206800
-13.216600
-10.996100
-10.606600
-9.746230
-8.057440
-9.861830
-8.023670
-9.171900
-6.833120
-7.023210
-5.916320
-5.781570
-4.244420
-6.973200
-4.342600
-4.653860
-5.452560
-3.086980
-2.777480
-3.388640
-1.857160
-0.341250
-0.259089
-0.761449
-1.778640
-36.712601
-35.410500
-36.340099
-35.061100
-33.773201
-33.544102
-32.781101
-32.971001
-34.169300
-31.383801
-30.358000
-29.038401
-31.513201
-30.041901
-28.812000
-28.098600
-26.309700
-27.749701
-25.289101
-25.927200
-26.716400
-27.323900
-27.174999
-25.325701
-24.219900
-22.891800
-23.810200
-24.028700
-23.052401
-21.750099
-22.041800
-21.017099
-19.545500
-19.453699
-20.706600
-17.990299
-17.992201
-16.531401
-17.280100
-15.033600
-15.389600
-14.425600
-16.497101
-12.968400
-13.987600
-11.489000
-11.824300
-10.761800
-9.793960
-9.167010
-8.621130
-10.520300
-7.484470
-10.355400
-6.689040
-6.839480
-6.070680
-4.354180
-4.857710
-5.588850
-4.289180
-3.351500
-3.090880
-1.255230
-2.008350
-0.861685
-1.139810
-0.009178
-36.510799
-38.108601
-37.715302
-36.733200
-35.670300
-35.383801
-34.113701
-34.595699
-33.968102
-33.476898
-32.389999
-32.636700
-30.714300
-31.091801
-29.301600
-29.117701
-28.691000
-28.306601
-27.611401
-26.086599
-26.098400
-21.397699
-23.749599
-23.128000
-22.498600
-21.706600
-24.102200
-22.575899
-20.888201
-19.789200
-19.424101
-17.809099
-16.185101
-16.428801
-15.199700
-15.454900
-14.540100
-16.658300
-13.405300
-13.301100
-12.495700
-11.509900
-11.217000
-11.411800
-10.160600
-10.311200
-9.065230
-9.186290
-8.088870
-7.650710
-6.874930
-5.499810
-4.635120
-4.655220
-6.795820
-3.258490
-3.488860
-2.159110
-2.691720
-1.453480
-2.220070
-1.236700
-0.789920
-39.736698
-38.869801
-38.741901
-38.626801
-37.939098
-36.438202
-36.939800
-37.517502
-35.465199
-35.310101
-35.100201
-34.392502
-34.347599
-31.987301
-32.702301
-32.213100
-30.314899
-31.433701
-30.791300
-29.661800
-29.569300
-31.010401
-28.228399
-28.068300
-26.497700
-26.445601
-25.425600
-25.289499
-26.478100
-24.470600
-24.004499
-23.866301
-22.572201
-22.794201
-22.705299
-17.561600
-17.956699
-18.389601
-19.805000
-14.410500
-16.420099
-16.975201
-14.855300
-12.925600
-11.825400
-13.795100
-12.287100
-13.427000
-12.000500
-10.233100
-10.262800
-8.904520
-9.258080
-7.800440
-8.349250
-8.798740
-7.021330
-6.479200
-5.192000
-5.089280
-3.713890
-5.925530
-2.075600
-1.310240
-3.047830
-0.688427
-2.707570
-1.182370
-0.057481
-33.712200
-33.410400
-34.475700
-33.286900
-31.984400
-31.650101
-29.951700
-30.461599
-31.346300
-29.531200
-30.839899
-28.478901
-28.316900
-25.069901
-27.918100
-27.259199
-25.999100
-26.426100
-25.922100
-25.306101
-27.321699
-24.521700
-21.514400
-23.188101
-23.111300
-22.323700
-23.697500
-22.349001
-21.209000
-20.982401
-19.861500
-19.290400
-18.637501
-18.140499
-19.754999
-17.837200
-14.693200
-14.950800
-17.270700
-16.284201
-14.074300
-15.560500
-13.641300
-13.096800
-12.115800
-10.922900
-11.887500
-9.983140
-9.562140
-8.610070
-8.097550
-7.397880
-9.636800
-5.851550
-4.947580
-6.966260
-6.003100
-4.647640
-3.548210
-0.440564
-2.141620
-3.042280
-1.058550
-0.744649
-2.317220
-35.204899
-34.064602
-32.586498
-33.341099
-33.950001
-32.808300
-31.886101
-31.374599
-30.143600
-28.628500
-29.574699
-27.320801
-27.736500
-27.768999
-25.881500
-24.780899
-25.985701
-24.799400
-24.353500
-23.556499
-21.156500
-23.657700
-22.100800
-21.298599
-18.126900
-20.330700
-20.163000
-19.042299
-17.938200
-18.972799
-16.616899
-15.512600
-16.725901
-14.859900
-15.976300
-14.565900
-14.080200
-11.395700
-11.916000
-13.644600
-10.702000
-10.463800
-8.075120
-8.888850
-7.481800
-7.023140
-6.904000
-6.076500
-5.673060
-5.489350
-4.604970
-4.651930
-4.881690
-2.921300
-1.151480
-2.533760
-1.244380
-0.321690
-31.862499
-33.531601
-33.060799
-32.918201
-30.221701
-31.468100
-30.804100
-31.347500
-29.392099
-30.090099
-28.111900
-27.756500
-28.068800
-26.366400
-25.337999
-25.905199
-26.871300
-24.973600
-22.573099
-24.558001
-23.329100
-22.905899
-21.885099
-21.466101
-23.893700
-19.211599
-18.740400
-19.882000
-19.735399
-18.739599
-17.632099
-17.451200
-15.973200
-16.152399
-17.370199
-16.198999
-14.359700
-13.706400
-12.755500
-12.299200
-11.592600
-10.331600
-10.241300
-10.253600
-9.140100
-8.250100
-8.115100
-3.586020
-5.977340
-4.725370
-3.996250
-6.789180
-2.929590
-2.169910
-2.988140
-1.490460
-1.468670
-31.566200
-29.195700
-30.581600
-29.953300
-29.329201
-28.731300
-27.341400
-26.891899
-26.503700
-27.786100
-24.779200
-25.673599
-22.590500
-24.189699
-23.090099
-21.921000
-23.611500
-21.287399
-21.068800
-20.800600
-18.317499
-19.824900
-19.998501
-19.578300
-18.829399
-18.614901
-17.777800
-15.057400
-16.132299
-14.450500
-15.383200
-16.556400
-14.537200
-17.020201
-15.685900
-11.418200
-13.883000
-13.794900
-13.237400
-12.176800
-12.580700
-12.129900
-11.224100
-8.275520
-10.048000
-9.230190
-8.182820
-9.845490
-7.617670
-6.886300
-6.237860
-3.875510
-4.893160
-4.622640
-3.866720
-5.056830
-6.147530
-0.402863
-1.932980
-2.372080
-0.834951
-2.759990
-30.573700
-30.390400
-29.570101
-29.489700
-29.042801
-26.230301
-25.153200
-26.928400
-25.562500
-26.592300
-25.157301
-23.773500
-23.336399
-22.859900
-21.628500
-24.171101
-20.690800
-20.267799
-18.178801
-19.589800
-18.983801
-17.738300
-17.908300
-15.944100
-14.671300
-15.989700
-14.417400
-13.698500
-13.287300
-11.743200
-12.957300
-10.849800
-10.724500
-12.246800
-9.710470
-9.194140
-8.109930
-9.950980
-8.749450
-7.831700
-7.076730
-7.273480
-6.111750
-4.606170
-5.821030
-4.516890
-6.679220
-5.292740
-3.380960
-1.460860
-1.991240
-2.950350
-0.709769
-3.050500
-1.647020
-0.074205
-27.937201
-26.510500
-23.482100
-22.498699
-24.396601
-22.174999
-21.252800
-23.113300
-20.668200
-18.153900
-20.070200
-19.967899
-18.638599
-19.338699
-15.471900
-17.507299
-16.142300
-16.017099
-15.062900
-14.647300
-16.777901
-14.019500
-13.545000
-12.027500
-12.720800
-11.269700
-12.217800
-10.974900
-10.672100
-10.016600
-8.948900
-6.022720
-6.721270
-4.585110
-5.146690
-3.557230
-3.045500
-2.048850
-1.835370
-0.788220
-3.026590
-21.861401
-21.671400
-20.537901
-18.071501
-19.271700
-18.614300
-17.688299
-18.603901
-20.601601
-20.241800
-20.171301
-15.678300
-17.387400
-16.131599
-16.450500
-17.231600
-15.201400
-14.320900
-14.782800
-12.514200
-13.823600
-13.542000
-12.226700
-11.371800
-8.218090
-8.972930
-9.838450
-8.012380
-6.951940
-6.258870
-4.613450
-5.896710
-4.147040
-4.536020
-3.284110
-1.179490
-0.565375
-2.851460
-1.989200
-1.266740
-17.988400
-16.784201
-15.215400
-15.905600
-13.779300
-13.154700
-11.328900
-11.071000
-12.602500
-12.465400
-12.042600
-10.793800
-10.173900
-9.895740
-8.671160
-8.902200
-7.605120
-7.401200
-8.518700
-6.262700
-6.033490
-6.318250
-4.942080
-3.921110
-3.553010
-4.455210
-2.143610
-0.785714
-2.605150
-0.743477
-0.060283
-2.872610
-15.796900
-14.135100
-13.320800
-12.773000
-10.661800
-9.725040
-8.570880
-5.441060
-4.369960
-6.379610
-6.043400
-4.717740
-1.255820
-2.308090
-0.391830
-0.593890
-1.722980
-3.293800
-1.084550
3.766710
5.997350
5.313460
6.760400
8.815140
2.470450
1.831250
1.026500
2.866030
0.558218
3.925440
4.829540
4.989200
5.988960
3.586390
6.455990
7.892870
7.342410
9.441500
8.895710
10.642300
10.734500
11.766200
11.697500
13.148500
13.673900
14.538900
17.607500
18.513300
19.436100
2.689440
1.354080
1.865360
1.095640
3.189560
0.177935
5.174670
3.752670
4.722420
6.466940
4.606440
5.825510
6.277210
6.844960
9.194220
7.788030
8.841660
7.353270
11.577200
10.575500
10.595100
13.253700
11.458200
13.920100
12.693600
12.314900
13.580100
14.558300
16.375799
16.171900
17.338400
17.912500
18.929199
17.997499
22.340000
21.848900
21.437300
23.310101
22.904900
24.385099
24.161100
25.923500
25.100100
26.412901
25.479900
26.576000
2.242020
3.330870
1.197950
1.828380
2.449230
1.292850
4.746060
4.341460
6.132670
6.622530
7.068420
9.100530
8.169920
9.508910
9.248790
8.058340
8.804260
10.895000
12.397800
11.753000
12.809200
11.171700
13.865200
14.929900
14.340400
15.644800
17.253201
17.471701
17.081600
15.971700
20.336500
19.117001
18.613600
18.258699
20.295700
19.997000
21.555599
22.732500
23.899799
23.493200
22.413300
21.367800
21.473600
25.749901
26.956499
24.664900
27.274500
25.697399
27.119400
28.447901
30.070700
31.123600
29.188700
31.186501
3.343090
2.743140
0.395729
3.381390
0.235956
4.614950
5.991000
4.557590
5.633250
5.519100
7.551310
7.325140
9.816970
7.270700
9.425480
8.413680
9.478790
12.725400
10.545700
11.276500
13.522800
12.310400
11.861100
13.137700
14.342000
14.911600
14.950800
16.523300
15.879000
17.432400
17.180401
18.103100
18.937799
19.073999
19.353399
20.981199
20.829100
20.642500
23.518801
22.244900
24.458599
25.045200
25.937201
27.339399
26.318100
25.823700
28.097000
28.566401
29.468399
30.294901
30.986000
30.475901
29.063601
33.978401
31.923901
33.490799
34.748798
34.845699
37.397400
37.941799
36.606899
39.483101
1.685180
2.303010
2.886640
0.855556
0.596919
3.055270
1.004630
4.633570
3.942310
6.752240
5.255740
4.551250
6.097960
7.923010
7.267080
8.868550
9.492910
10.148500
8.084400
10.943600
12.113600
13.124900
13.589600
14.132000
14.667900
14.956300
17.265100
15.271800
18.346500
18.763901
20.330099
19.973000
19.001101
23.286200
22.746500
21.765499
23.856001
22.684999
24.948299
27.763901
25.968000
28.114100
28.660601
29.379700
31.148100
29.419901
30.443199
31.547300
30.304300
34.475498
32.821701
33.943298
33.509300
34.620899
33.282200
35.094002
31.804501
35.532600
37.135601
36.223000
35.698002
37.315399
38.112000
36.750198
38.531200
35.730801
39.310101
3.386010
3.145890
1.596550
0.051937
4.615290
5.701210
6.221490
5.586770
4.334340
6.763680
5.471190
8.765110
7.574870
8.433210
9.778440
7.270300
11.015900
12.158500
10.660700
12.019800
13.384200
12.797200
14.403000
16.593800
15.415900
17.472900
16.793100
19.451200
18.278700
17.820101
20.287701
19.124399
22.570000
23.835800
23.664499
22.223101
26.119499
25.041201
27.190701
24.948099
27.217899
28.024000
25.864300
28.775499
30.189199
30.999001
29.744699
31.199100
29.150499
32.612099
32.777699
33.581200
34.200802
34.843300
33.646500
36.586498
35.721699
36.771702
38.309299
38.745998
40.153500
41.720798
38.647701
43.032799
2.616330
3.368050
2.210900
1.809880
0.499293
6.755230
4.483370
3.844600
4.716910
6.662520
5.785250
5.899800
7.872660
7.370350
9.049410
10.473300
8.909980
7.570440
8.996030
10.215900
11.228700
11.561800
12.347900
12.884800
13.438000
12.802600
13.870300
11.423900
14.784500
15.259300
16.043900
14.974100
16.585699
17.940001
19.545799
19.482401
20.683399
20.672100
18.298300
21.847401
24.461700
21.950701
22.978600
24.682699
24.797100
26.559500
27.969900
27.419399
27.846201
29.236401
29.697901
30.328899
28.547701
29.322500
31.567200
32.437500
32.561001
34.866501
34.926899
33.436501
35.014702
36.229900
36.061798
37.432999
36.058498
37.095901
38.770599
39.095798
40.972401
39.751301
40.724800
41.328300
42.433601
42.458500
43.850498
3.443860
1.679420
1.099040
3.083680
0.994450
2.643260
2.953260
4.342680
6.357420
6.093940
4.619540
10.233400
7.800920
7.973800
8.644220
9.699130
8.814420
9.950290
13.755100
11.834600
12.672000
11.323400
12.449700
13.594300
16.035900
15.088400
16.890100
15.325700
18.168100
18.864100
19.102900
19.877600
20.835800
20.065399
21.027399
21.803600
23.118601
22.396601
23.143101
23.713499
24.215700
21.318399
27.145500
25.598600
26.456200
25.470699
27.583799
26.521200
29.086599
28.326599
28.412500
28.802299
29.688499
30.409901
31.344601
31.728300
32.977402
32.354599
34.222198
33.720200
35.238098
36.508801
37.396999
36.988998
38.537498
38.606800
38.821701
40.805099
41.205700
39.759399
40.020699
42.689999
43.416000
42.280899
2.322040
0.578440
2.743800
6.739010
3.549000
3.769190
4.767890
5.767150
5.218540
8.261650
9.580190
8.122150
9.175580
10.742900
12.991700
13.174500
11.735800
12.028500
13.429500
10.712900
14.546000
16.133499
16.228201
14.973600
17.867001
18.582500
19.850700
20.981501
21.204599
22.820200
22.133200
24.147699
23.933300
22.675699
23.634501
25.357100
26.211800
24.756701
27.618799
26.962400
27.459101
29.684401
29.993799
28.660999
28.800900
29.655800
31.152000
31.561701
31.564699
28.404499
33.690201
32.660801
34.962299
33.626801
35.479198
35.467201
37.640701
36.262199
37.642101
37.201000
36.550999
38.792400
38.915501
39.990898
1.712010
2.718370
2.496810
1.023880
0.584800
3.916790
5.139500
3.775950
4.853170
6.078360
6.888330
7.999810
9.363670
7.408050
9.573440
8.379170
8.929530
7.378660
10.348800
10.645300
12.618800
11.241400
11.976400
12.732600
13.697800
13.506300
15.805200
14.544800
14.558800
15.599500
17.222700
16.649099
15.892400
19.143600
17.563000
17.919300
18.325899
18.931299
19.026199
20.471001
19.610600
21.050200
22.337099
23.468399
23.887199
22.351200
24.407499
24.726801
25.220301
26.160999
27.804399
26.779100
25.892000
27.987700
27.700001
29.134399
30.390301
29.260500
29.857000
31.115200
30.807100
34.699001
31.968599
32.477200
33.571701
33.861099
31.896799
34.746498
33.100498
34.345200
38.501499
35.302502
36.040001
37.663502
36.622601
36.984798
38.331600
35.795799
41.790199
38.942299
39.818600
40.528999
39.360001
41.844601
41.019600
42.216000
43.791100
1.930020
0.727910
1.546240
2.746300
3.190900
1.729670
3.700640
5.891260
4.461190
5.955730
3.978750
5.193440
7.303210
8.621120
10.055400
10.390400
8.367430
11.461300
11.658500
11.373300
12.484600
12.982200
13.961400
14.096100
14.355600
17.308901
15.948900
14.979900
16.531401
16.054100
17.213800
20.929001
18.857401
17.841999
19.549900
20.004999
20.592400
19.002001
21.036100
22.198700
22.133600
23.410500
23.411600
23.550400
24.395800
24.589899
25.689800
26.354099
25.923599
26.906799
28.025101
26.955700
28.926701
29.950300
29.989799
31.006399
31.087400
29.184099
31.776300
32.099400
32.094700
32.938400
34.505100
34.755798
35.451199
35.981098
37.860500
36.952702
38.558800
39.418900
39.034599
41.175900
40.661701
42.107601
42.112000
43.248199
43.435799
44.542000
2.823890
1.192420
2.551440
2.455550
0.190022
0.429126
3.660060
3.944630
5.116230
5.834640
6.115800
6.635380
4.786550
3.693090
7.654870
10.415600
8.890840
10.579800
11.606000
11.931000
12.315300
12.704200
13.804000
13.453000
14.286800
15.109000
15.543800
14.577600
17.034599
17.090900
18.484100
19.894100
19.781799
18.446100
21.480801
22.964701
21.159599
23.871599
22.947901
21.673401
28.071600
25.628201
27.062799
27.219500
27.985800
30.938400
28.499201
29.339100
29.957500
31.190500
30.638201
32.108601
33.093300
33.286400
34.015999
34.181099
32.209599
36.230202
35.389999
35.473202
37.926601
37.020802
38.168098
36.814800
37.687199
40.367599
39.262600
38.959400
40.393600
41.449501
39.738400
41.909199
42.899799
44.865700
42.983700
44.301201
43.959202
0.005459
1.248110
3.169590
2.601620
1.913880
1.445080
3.826640
4.235880
5.117090
5.081760
5.375190
6.483380
8.204770
7.552750
9.431570
7.409930
8.069430
9.454290
8.949980
13.050400
10.763000
10.918900
12.613400
12.577500
13.660500
16.230801
14.467400
16.118200
16.191099
14.676300
16.284599
17.422501
19.626801
17.657101
19.060900
20.500799
19.413200
18.380301
23.972799
22.416000
21.455799
22.836800
24.299801
21.733200
23.554701
26.547300
25.301300
25.142599
25.854799
26.950399
27.736601
26.191601
28.258801
30.561100
28.867500
29.731899
29.204800
30.482100
31.586901
31.797800
34.223598
32.735001
34.560600
32.116901
36.035500
37.260899
37.373699
38.298000
38.622002
36.301800
39.489498
40.571201
40.409199
42.127998
41.919300
40.602798
43.205200
44.833302
42.599098
1.070060
0.707157
1.867930
2.244330
0.538354
2.778010
3.626600
4.981020
4.233850
5.490370
6.772270
6.938250
8.281890
9.434380
9.099910
8.897450
10.048700
10.442600
11.653500
11.276600
13.189700
12.829700
14.186500
14.236600
15.591300
16.815399
15.950700
20.381800
18.474400
18.160801
19.429701
22.415701
23.783400
23.177200
21.904900
26.806900
26.596201
24.714500
25.891100
27.141899
27.935200
28.137400
28.768600
30.380400
29.314501
31.294500
31.455400
30.010900
32.083900
33.839901
32.809700
33.704399
35.045898
35.209599
36.242401
36.402599
37.411701
39.176498
40.007500
41.346600
40.742599
39.788300
41.152901
42.620399
43.458302
43.556702
44.795200
2.281280
1.459050
2.607310
2.657660
1.491700
1.045520
0.059003
5.246960
3.795300
4.678250
3.997710
6.064160
6.308920
7.317070
9.114280
7.813500
8.943740
7.536280
8.965130
10.212100
10.240300
12.498300
12.096100
11.050200
13.437800
11.391300
14.308800
15.719100
16.200899
17.430599
17.141399
17.829399
19.147100
18.306700
19.559200
18.944901
20.073200
21.024099
24.580799
22.327900
22.660200
24.282499
21.391800
24.332500
25.213900
27.043100
26.195900
27.950800
27.422701
29.292801
30.389601
31.049299
29.392401
29.702900
28.532499
31.962500
34.493599
33.189201
32.337799
34.378201
33.843899
35.111401
35.620800
36.815399
35.943901
36.916599
38.028999
38.237701
38.554798
39.239601
39.452801
40.109200
41.614300
42.620399
3.296420
2.020290
3.003230
3.098010
2.139550
1.253150
0.611043
0.504630
6.872910
5.680670
3.884300
5.939160
4.692850
5.240600
6.697990
5.632780
7.942760
7.326340
8.298550
7.477680
8.954780
9.749250
10.692000
10.690200
13.075900
13.400200
12.057600
13.010600
15.197600
16.437799
14.468200
16.194401
15.728900
17.539200
17.154200
17.229099
18.382401
19.853600
18.601999
19.788000
19.245899
20.308201
20.900299
20.836901
23.508499
22.243700
21.437201
23.498800
22.438101
23.179300
24.639799
26.126801
24.781401
27.309000
25.980499
27.743401
27.357500
26.386900
28.905500
28.559299
30.994101
29.751101
30.473801
30.892799
31.967300
33.741901
32.858398
31.776800
34.767899
33.772099
34.861698
33.534599
36.171501
35.978500
37.567600
36.982101
37.715401
38.628899
38.918400
39.858601
39.828899
40.243801
41.150600
2.175170
1.723750
1.736080
3.303530
3.872350
6.622650
5.137740
4.222170
6.833570
6.099680
8.904510
7.687850
7.949220
9.141780
9.313530
10.447400
10.324000
11.787400
13.912800
12.709000
11.252100
13.542300
12.429100
14.920300
16.473499
15.423800
15.611400
14.313900
17.610201
18.226900
19.493299
20.122101
19.039900
20.541300
20.806900
21.955099
22.157101
22.972401
23.547899
24.153099
25.332500
24.625601
24.798300
26.394199
28.065001
27.331301
26.255501
28.825701
31.066700
31.090401
28.854300
30.212500
31.739300
32.086700
32.352100
32.560699
33.531101
33.789799
33.027901
35.131100
35.119099
36.987400
38.175201
36.286301
37.617298
36.780201
38.021801
41.004299
39.659401
39.011700
40.044102
2.371230
2.585060
1.133540
0.481189
1.445270
0.145959
0.266586
5.970200
3.611510
4.920940
6.301450
5.967450
5.270900
7.291420
9.027470
7.743070
7.509720
8.444280
9.108660
9.120090
9.761360
10.398900
10.195800
11.156800
12.241500
11.735300
12.555600
13.764000
16.505199
14.135900
14.622000
15.351700
15.680800
17.339300
17.702999
18.413300
18.697701
19.833900
19.763300
20.935200
21.543900
21.158600
22.275200
22.977301
23.324699
24.447599
24.350401
23.413500
27.719700
25.690701
27.036900
26.641100
27.582500
28.007999
25.816000
25.062500
28.505600
29.224800
29.521200
28.992500
30.441900
31.505899
30.926901
31.515600
34.104698
33.293499
32.095901
34.727600
34.571201
36.272099
35.589100
36.490398
37.201401
2.845810
1.853670
2.628570
1.444600
0.575209
0.674897
2.671320
6.259820
3.953420
3.992970
5.094050
5.963750
6.748960
3.764150
7.397680
7.466270
8.749940
8.567030
9.539340
9.615300
11.409300
12.758600
13.241600
10.688600
12.394300
11.197800
14.018400
13.855300
16.676300
14.337700
15.285000
15.814300
15.392400
16.621500
17.329599
19.827101
18.438900
18.299700
19.470900
20.486401
18.668301
21.595200
23.853701
22.931900
21.838699
26.613400
24.603500
25.277500
27.540199
25.392500
28.413200
28.732901
30.225401
28.715900
31.349899
30.621599
29.653299
33.011700
33.181999
32.093601
33.349201
34.228901
34.419201
35.478901
37.606899
36.354301
36.302502
35.543598
0.720796
1.596420
2.980200
2.765610
0.127809
6.053610
5.407340
4.531050
4.778960
6.634400
7.393850
8.394050
8.171510
9.343280
9.338990
10.374300
10.912400
12.653500
11.536200
12.480100
13.550900
11.463900
17.313000
14.301300
15.284300
14.967200
15.792800
16.529800
17.278400
15.458400
17.851700
18.578899
19.652300
20.941900
20.908800
24.205000
23.743500
26.554100
25.891300
24.934099
24.824699
28.170500
30.068899
29.225800
30.144600
28.407200
31.258400
31.291800
32.054798
0.358862
1.007850
2.439170
2.240480
5.755180
4.530470
4.192020
6.069900
6.130240
9.508300
7.459690
7.247080
7.083200
9.931810
10.519900
13.764700
12.588400
11.313600
11.610700
12.436200
13.542400
11.671200
14.907100
16.399700
17.044100
19.663099
17.738600
19.662201
19.120300
20.304501
18.147600
20.784500
22.238701
21.781200
23.269400
22.918200
25.214500
25.310200
24.844700
26.536501
25.899099
27.941099
26.856001
27.599300
29.222700
28.943399
1.294300
2.266910
3.508060
0.495988
0.523345
4.555360
4.301720
5.778110
5.707960
6.388890
6.703200
5.241180
7.249240
7.929090
9.620740
8.570610
8.908390
10.391700
7.620620
10.904200
11.081200
11.611400
13.734700
12.176200
12.942700
13.119100
14.829700
16.772900
15.221500
16.443199
14.614900
15.649300
17.734600
18.433701
20.576599
19.069300
20.643000
20.379400
17.949400
22.025299
21.841000
21.973000
23.007900
23.507000
24.259300
24.085800
25.508900
26.067801
2.896460
2.116120
2.067110
1.724510
2.940440
0.511985
0.636656
4.574200
4.495770
5.754250
4.533580
5.982160
6.704960
7.159650
9.637530
9.409470
7.859990
8.455120
9.810900
7.180050
12.727700
10.896300
11.827100
11.422500
12.656300
13.246900
13.957500
13.859300
15.146000
18.001200
19.269400
1.744860
0.772792
2.442990
0.589968
4.818800
3.648740
8.722080
12.972600
10.614200
14.917100
